{
    "1_Header": "Mnemosy Data File",
    "2_Description": "This file stores user scene settings.",
    "background_blurRadius": 0.0,
    "background_color_b": 0.20000000298023224,
    "background_color_g": 0.20000000298023224,
    "background_color_r": 0.20000000298023224,
    "background_gradientopacity": 0.4099999964237213,
    "background_opacity": 1.0,
    "background_rotation": -76.68738555908203,
    "globalExposure": 0.0
}